4294967279,505
4294967278,470
4294967279,504
4294967279,503
4294967278,468
4294967278,467
4294967278,466
4294967278,465
4294967278,463
4294967278,462
4294967279,501
4294967279,500
4294967278,461
4294967279,499
4294967278,460
4294967278,459
4294967278,458
4294967279,496
4294967278,457
4294967278,456
4294967279,494
4294967279,493
4294967279,492
4294967278,455
4294967278,454
4294967278,453
4294967278,452
4294967278,451
4294967279,490
4294967279,488
4294967278,450
4294967279,486
4294967278,449
4294967278,448
4294967278,137
4294967278,437
4294967278,255
4294967278,251
4294967279,485
4294967279,484
4294967278,249
4294967278,247
4294967279,483
4294967279,482
4294967279,481
4294967279,479
4294967279,478
4294967278,245
4294967278,243
4294967278,241
4294967278,239
4294967278,235
4294967279,476
4294967279,475
4294967279,473
4294967278,233
4294967279,472
4294967278,231
4294967279,471
4294967278,229
4294967279,470
4294967279,469
4294967278,227
4294967278,225
4294967278,223
4294967278,221
4294967278,219
4294967278,217
4294967278,215
4294967278,319
4294967278,318
4294967279,467
4294967278,317
4294967278,316
4294967279,464
4294967279,463
14,5
4294967279,462
4294967279,460
4294967279,459
4294967279,458
4294967279,457
4294967279,456
4294967279,455
4294967279,454
4294967279,453
4294967279,452
4294967279,451
14,12
4294967279,448
4294967279,165
4294967279,157
13,80
11,79
11,78
11,77
11,76
11,75
11,74
11,73
11,72
11,71
11,70
11,69
11,68
11,67
11,66
11,65
11,191
11,190
11,189
11,188
11,187
11,186
11,185
11,184
11,183
11,182
11,181
11,180
11,179
11,178
11,177
11,175
11,174
11,173
11,172
11,171
11,170
11,169
11,168
11,167
11,166
11,165
11,101
4294967279,138
4294967279,134
4294967279,446
11,164
4294967294,1667
4294967294,1694
4294967278,315
4294967293,131
4294967293,130
4294967293,129
4294967293,128
4294967293,127
4294967293,126
4294967293,125
4294967293,124
4294967293,123
4294967293,122
4294967293,121
4294967293,120
4294967293,119
4294967293,118
4294967293,117
4294967293,116
4294967293,115
4294967293,114
4294967293,113
4294967293,112
4294967293,111
4294967293,110
4294967293,109
4294967293,108
4294967293,107
4294967293,106
4294967293,105
4294967293,104
4294967293,103
4294967293,102
4294967293,101
4294967293,100
4294967293,99
4294967293,98
4294967293,97
4294967293,96
4294967293,95
4294967293,94
4294967293,93
4294967293,92
4294967293,91
4294967293,90
4294967293,89
4294967293,88
4294967293,87
4294967293,86
4294967293,85
4294967293,84
4294967293,83
4294967293,82
4294967293,81
4294967293,80
4294967293,79
4294967293,78
4294967293,77
4294967293,76
4294967293,75
4294967293,74
4294967293,73
4294967293,72
4294967293,71
4294967293,70
4294967293,69
4294967293,68
4294967293,67
4294967293,66
4294967293,65
4294967293,64
4294967293,63
4294967293,62
4294967293,61
4294967293,60
4294967293,59
4294967293,58
4294967293,57
4294967293,56
4294967293,55
4294967293,54
4294967293,53
4294967293,52
4294967293,51
4294967293,50
4294967293,49
4294967293,48
4294967293,47
4294967293,46
4294967293,45
4294967293,44
4294967293,43
4294967293,42
4294967293,41
4294967293,40
4294967293,39
4294967293,38
4294967293,37
4294967293,36
4294967293,35
4294967293,34
4294967293,33
4294967293,32
4294967293,31
4294967293,30
4294967293,29
4294967293,28
4294967293,27
4294967293,26
4294967293,25
4294967293,24
4294967293,23
4294967293,22
4294967293,21
4294967293,20
4294967293,19
4294967293,18
4294967293,17
4294967293,16
4294967293,15
4294967293,14
4294967293,13
4294967293,12
4294967293,11
4294967293,10
4294967293,9
4294967293,8
4294967293,7
4294967293,6
4294967293,5
4294967293,4
4294967293,3
4294967293,2
4243767290,0
4243767289,0
4243767288,0
4243767287,0
4243767286,0
4243767285,0
4243767284,0
4243767283,0
4243767282,0
4243767281,0
4294967293,0
4294967279,203
4294967279,450
4294967279,89
4294967279,205
4294967279,90
4294967279,204
4294967279,206
4294967279,435
4294967279,91
4294967279,92
4294967279,93
4294967279,223
4294967279,207
4294967279,208
4294967279,498
4294967279,209
4294967279,94
4294967279,95
4294967279,210
4294967279,96
4294967279,436
4294967279,424
4294967279,97
4294967279,299
4294967279,211
4294967279,212
4294967279,489
4294967279,213
4294967279,98
4294967279,99
4294967279,214
4294967279,100
4294967279,280
4294967279,426
4294967279,101
4294967279,425
4294967279,437
4294967279,216
4294967279,290
4294967279,102
4294967279,218
4294967279,103
4294967279,220
4294967279,393
4294967279,104
4294967279,438
4294967279,105
4294967279,222
4294967279,300
4294967279,224
4294967279,301
4294967279,106
4294967279,107
4294967279,226
4294967279,228
4294967279,427
4294967279,439
4294967279,108
4294967279,109
4294967279,230
4294967279,302
4294967279,232
4294967279,275
4294967279,110
4294967279,234
4294967279,111
4294967279,236
4294967279,428
4294967279,112
4294967279,303
4294967279,113
4294967279,237
4294967279,461
4294967279,238
4294967279,240
4294967279,114
4294967279,242
4294967279,115
4294967279,116
4294967279,304
4294967279,117
4294967279,477
4294967279,411
